date,confirmed_cases,active_cases,new_confirmed_cases
2020-03-10,0,0,0
2020-03-11,0,0,0
2020-03-12,0,0,0
2020-03-13,0,0,0
2020-03-14,0,0,0
2020-03-15,0,0,0
2020-03-16,0,0,0
2020-03-17,0,0,0
2020-03-18,0,0,0
2020-03-19,0,0,0
2020-03-20,1,1,1
2020-03-21,1,1,0
2020-03-22,1,1,0
2020-03-23,1,1,0
2020-03-24,1,1,0
2020-03-25,1,1,0
2020-03-26,3,3,2
2020-03-27,5,5,2
2020-03-28,5,5,0
2020-03-29,5,5,0
2020-03-30,10,10,5
2020-03-31,11,11,1
2020-04-01,13,13,2
2020-04-02,16,16,3
2020-04-03,19,19,3
2020-04-04,24,24,5
2020-04-05,28,28,4
2020-04-06,32,32,4
2020-04-07,36,36,4
2020-04-08,42,42,6
2020-04-09,50,50,8
2020-04-10,57,57,7
2020-04-11,62,62,5
2020-04-12,66,66,4
2020-04-13,74,74,8
2020-04-14,75,75,1
2020-04-15,84,84,9
2020-04-16,117,117,33
2020-04-17,122,120,5
2020-04-18,128,126,6
2020-04-19,137,134,9
2020-04-20,141,137,4
2020-04-21,155,149,14
2020-04-22,167,149,12
2020-04-23,176,153,9
2020-04-24,192,163,16
2020-04-25,197,166,5
2020-04-26,201,170,4
2020-04-27,215,181,14
2020-04-28,230,194,15
2020-04-29,244,188,14
2020-04-30,253,196,9
2020-05-01,388,328,135
2020-05-02,394,333,6
2020-05-03,395,333,1
2020-05-04,397,320,2
2020-05-05,461,377,64
2020-05-06,468,380,7
2020-05-07,513,400,45
2020-05-08,569,452,56
2020-05-09,571,452,2
2020-05-10,571,440,0
2020-05-11,579,444,8
2020-05-12,586,438,7
2020-05-13,659,501,73
2020-05-14,778,576,119
2020-05-15,890,684,112
2020-05-16,901,603,11
2020-05-17,908,594,7
2020-05-18,970,634,62
2020-05-19,1005,623,35
2020-05-20,1027,632,22
2020-05-21,1187,779,160
2020-05-22,1221,800,34
2020-05-23,1222,792,1
2020-05-24,1227,785,5
2020-05-25,1232,757,5
2020-05-26,1295,806,63
2020-05-27,1595,1095,300
2020-05-28,1801,1187,206
2020-05-29,2377,1678,576
2020-05-30,2383,1680,6
2020-05-31,2401,1692,18
2020-06-01,2432,1696,31
2020-06-02,2864,2083,432
2020-06-03,2886,2089,22
2020-06-04,2937,2003,51
2020-06-05,2989,2023,52
2020-06-06,3040,2064,51
2020-06-07,3041,2064,1
2020-06-08,3062,2073,21
2020-06-09,3142,2127,80
2020-06-10,3194,2134,52
2020-06-11,3218,2138,24
2020-06-12,3251,2164,33
2020-06-13,3280,2188,29
2020-06-14,3280,2124,0
2020-06-15,3460,2011,180
2020-06-16,3645,2185,185
2020-06-17,3684,1942,39
2020-06-18,3843,1894,159
2020-06-19,3902,1878,59
2020-06-20,3939,1874,37
2020-06-21,3945,1877,6
2020-06-22,4168,1854,223
2020-06-23,4554,2177,386
2020-06-24,4806,2303,252
2020-06-25,4977,2392,171
2020-06-26,5041,2404,64
2020-06-27,5044,2403,3
2020-06-28,5050,2380,6
2020-06-29,5359,2585,309
2020-06-30,5411,2622,52
2020-07-01,5445,2593,34
2020-07-02,5492,2624,47
2020-07-03,5583,2616,91
2020-07-04,5638,2582,55
2020-07-05,5655,2562,17
2020-07-06,5879,2710,224
2020-07-07,6146,2610,267
2020-07-08,6293,2462,147
2020-07-09,6441,2407,148
2020-07-10,6589,2439,148
2020-07-11,6655,2471,66
2020-07-12,6656,2428,1
2020-07-13,6789,2424,133
2020-07-14,6904,2342,115
2020-07-15,6976,2281,72
2020-07-16,7021,2084,45
2020-07-17,7159,2094,138
2020-07-18,7204,2109,45
2020-07-19,7210,2100,6
2020-07-20,7325,1973,115
2020-07-21,7529,2035,204
2020-07-22,7588,2006,59
2020-07-23,7662,1868,74
2020-07-24,7743,1807,81
2020-07-25,7749,1791,6
2020-07-26,7751,1753,2
2020-07-27,7839,1711,88
2020-07-28,8205,1771,366
2020-07-29,8237,1663,32
2020-07-30,8273,1576,36
2020-07-31,8334,1562,61
2020-08-01,8400,1527,66
2020-08-02,8411,1528,11
2020-08-03,8467,1439,56
2020-08-04,8601,1487,134
2020-08-05,8687,1469,86
2020-08-06,8763,1461,76
2020-08-07,8797,1413,34
2020-08-08,8823,1402,26
2020-08-09,8832,1342,9
2020-08-10,8993,1449,161
2020-08-11,9178,1409,185
2020-08-12,9478,1529,300
2020-08-13,9517,1461,39
2020-08-14,9587,1504,70
2020-08-15,9589,1457,2
2020-08-16,9589,1440,0
2020-08-17,9623,1441,34
2020-08-18,9738,1474,115
2020-08-19,9798,1395,60
2020-08-20,10003,1519,205
2020-08-21,10126,1588,123
2020-08-22,10133,1584,7
2020-08-23,10135,1579,2
2020-08-24,10195,1504,60
2020-08-25,10274,1431,79
2020-08-26,10483,1416,209
2020-08-27,10583,1389,100
2020-08-28,10623,1399,40
2020-08-29,10630,1384,7
2020-08-30,10633,1384,3
2020-08-31,10685,1372,52
2020-09-01,10998,1506,313
2020-09-02,11065,1509,67
2020-09-03,11246,1655,181
2020-09-04,11379,1538,133
2020-09-05,11382,1504,3
2020-09-06,11419,1513,37
2020-09-07,11444,1527,25
2020-09-08,11704,1708,260
2020-09-09,11848,1752,144
2020-09-10,11911,1618,63
2020-09-11,12086,1723,175
2020-09-12,12093,1712,7
2020-09-13,12107,1709,14
2020-09-14,12381,1943,274
2020-09-15,12515,1998,134
2020-09-16,12804,2010,289
2020-09-17,12872,1929,68
2020-09-18,13116,2020,244
2020-09-19,13131,1964,15
2020-09-20,13147,1963,16
2020-09-21,13265,1991,118
2020-09-22,13461,2015,196
2020-09-23,13810,2201,349
2020-09-24,13926,2201,116
2020-09-25,14179,2287,253
2020-09-26,14205,2296,26
2020-09-27,14216,2236,11
2020-09-28,14322,2207,106
2020-09-29,14523,2287,201
2020-09-30,14640,2165,117
2020-10-01,14763,2076,123
2020-10-02,14848,1978,85
2020-10-03,14852,1906,4
2020-10-04,14868,1902,16
2020-10-05,14880,1828,12
2020-10-06,14984,1808,104
2020-10-07,15026,1455,42
2020-10-08,15129,1419,103
2020-10-09,15172,1199,43
2020-10-10,15178,1173,6
2020-10-11,15184,1167,6
2020-10-12,15198,1061,14
2020-10-13,15236,1004,38
2020-10-14,15266,817,30
2020-10-15,15289,696,23
2020-10-16,15302,662,13
2020-10-17,15307,662,5
2020-10-18,15309,627,2
2020-10-19,15317,594,8
2020-10-20,15356,605,39
2020-10-21,15376,514,20
2020-10-22,15401,421,25
2020-10-23,15643,637,242
2020-10-24,15646,635,3
2020-10-25,15675,661,29
2020-10-26,15790,735,115
2020-10-27,15842,771,52
2020-10-28,15846,712,4
2020-10-29,15859,698,13
2020-10-30,16016,850,157
2020-10-31,16029,859,13
2020-11-01,16042,861,13
2020-11-02,16141,947,99
2020-11-03,16148,918,7
2020-11-04,16294,1039,146
2020-11-05,16422,1147,128
2020-11-06,16673,1152,251
2020-11-07,16713,1170,40
2020-11-08,16727,1174,14
2020-11-09,17015,1377,288
2020-11-10,17219,1521,204
2020-11-11,17277,1576,58
2020-11-12,17481,1769,204
2020-11-13,17577,1706,96
2020-11-14,17652,1774,75
2020-11-15,17662,1775,10
2020-11-16,17878,1913,216
2020-11-17,18509,2516,631
2020-11-18,18877,2852,368
2020-11-19,19212,3104,335
2020-11-20,19456,3209,244
2020-11-21,19536,3249,80
2020-11-22,19647,3332,111
2020-11-23,19956,3538,309
2020-11-24,20547,3945,591
2020-11-25,20832,3871,285
2020-11-26,20865,3883,33
2020-11-27,21001,3852,136
2020-11-28,21133,3934,132
2020-11-29,21258,4019,125
2020-11-30,22303,4803,1045
2020-12-01,22849,4886,546
2020-12-02,23417,4926,568
2020-12-03,24241,5602,824
2020-12-04,24865,5906,624
2020-12-05,25042,5939,177
2020-12-06,25204,6026,162
2020-12-07,26146,6771,942
2020-12-08,27717,7793,1571
2020-12-09,28967,8720,1250
2020-12-10,29762,9227,795
2020-12-11,30593,9920,831
2020-12-12,30698,9866,105
2020-12-13,30826,9830,128
2020-12-14,31576,9821,750
2020-12-15,32362,10174,786
2020-12-16,33195,10389,833
2020-12-17,33722,10258,527
2020-12-18,34482,10476,760
2020-12-19,34824,10656,342
2020-12-20,35017,10737,193
2020-12-21,35785,10697,768
2020-12-22,36761,10197,976
2020-12-23,37744,10050,983
2020-12-24,38158,9652,414
2020-12-25,38198,8982,40
2020-12-26,38347,8817,149
2020-12-27,38403,8514,56
2020-12-28,39304,8523,901
2020-12-29,40106,8446,802
2020-12-30,40889,8266,783
2020-12-31,41230,8364,341
2021-01-01,41359,8100,129
2021-01-02,41482,7588,123
2021-01-03,41550,7442,68
2021-01-04,42102,7117,552
2021-01-05,42773,7056,671
2021-01-06,43267,6796,494
2021-01-07,43753,6502,486
2021-01-08,43951,6331,198
2021-01-09,44010,6089,59
2021-01-10,44046,5943,36
2021-01-11,44426,5655,380
2021-01-12,44855,5431,429
2021-01-13,45089,4886,234
2021-01-14,45234,4563,145
2021-01-15,45403,4499,169
2021-01-16,45456,4420,53
2021-01-17,45497,4297,41
2021-01-18,45593,4098,96
2021-01-19,45912,3750,319
2021-01-20,46210,3600,298
2021-01-21,46366,3224,156
2021-01-22,46502,2939,136
2021-01-23,46568,2884,66
2021-01-24,46590,2807,22
2021-01-25,46794,2727,204
2021-01-26,46940,2439,146
2021-01-27,46955,2234,15
2021-01-28,46955,2189,0
2021-01-29,47164,2263,209
2021-01-30,47311,2145,147
2021-01-31,47336,2136,25
2021-02-01,47451,2235,115
2021-02-02,47499,2103,48
2021-02-03,47588,2011,89
2021-02-04,47808,1836,220
2021-02-05,47975,1861,167
2021-02-06,48092,1772,117
2021-02-07,48234,1887,142
2021-02-08,48344,1922,110
2021-02-09,48369,1722,25
2021-02-10,48391,1495,22
2021-02-11,48527,1433,136
2021-02-12,48618,1458,91
2021-02-13,48718,1486,100
2021-02-14,48767,1512,49
2021-02-15,48819,1464,52
2021-02-16,48828,1340,9
2021-02-17,48843,1018,15
2021-02-18,48867,921,24
2021-02-19,48903,922,36
2021-02-20,48948,911,45
2021-02-21,48973,897,25
2021-02-22,49012,930,39
2021-02-23,49032,759,20
2021-02-24,49040,564,8
2021-02-25,49059,485,19
2021-02-26,49073,376,14
2021-02-27,49103,366,30
2021-02-28,49110,324,7
2021-03-01,49115,294,5
2021-03-02,49115,260,0
2021-03-03,49125,225,10
2021-03-04,49144,215,19
2021-03-05,49146,203,2
2021-03-06,49152,144,6
2021-03-07,49155,128,3
2021-03-08,49159,128,4
2021-03-09,49161,107,2
2021-03-10,49163,99,2
2021-03-11,49167,87,4
2021-03-12,49168,81,1
2021-03-13,49174,73,6
2021-03-14,49174,66,0
2021-03-15,49174,63,0
