date,confirmed_cases,deaths,new_confirmed_cases,new_deaths
2021-02-28,3546700,52212,2911,229
2021-02-27,3543789,51983,3974,178
2021-02-26,3539815,51805,6945,412
2021-02-25,3532870,51393,5521,401
2021-02-24,3527349,50992,5848,1108
2021-02-23,3521501,49884,6447,346
2021-02-22,3515054,49538,5451,199
2021-02-21,3509603,49339,3723,224
2021-02-20,3505880,49115,5825,283
2021-02-19,3500055,48832,7587,475
2021-02-18,3492468,48357,7184,423
2021-02-17,3485284,47934,6597,425
2021-02-16,3478687,47509,11218,393
2021-02-15,3467469,47116,4183,62
2021-02-14,3463286,47054,4512,183
2021-02-13,3458774,46871,8249,413
2021-02-12,3450525,46458,9497,438
2021-02-11,3441028,46020,10436,524
2021-02-10,3430592,45496,8487,489
2021-02-09,3422105,45007,10635,514
2021-02-08,3411470,44493,16453,340
2021-02-07,3395017,44153,7698,164
2021-02-06,3387319,43989,10091,324
2021-02-05,3377228,43665,14460,547
2021-02-04,3362768,43118,14225,635
2021-02-03,3348543,42483,12319,580
2021-02-02,3336224,41903,13114,561
2021-02-01,3323110,41342,21379,416
2021-01-31,3301731,40926,11765,226
2021-01-30,3289966,40700,16290,469
2021-01-29,3273676,40231,19311,664
2021-01-28,3254365,39567,20423,576
2021-01-27,3233942,38991,18199,720
2021-01-26,3215743,38271,22609,729
2021-01-25,3193134,37542,30616,424
2021-01-24,3162518,37118,17926,275
2021-01-23,3144592,36843,21476,465
2021-01-22,3123116,36378,24153,584
2021-01-21,3098963,35794,25372,735
2021-01-20,3073591,35059,19877,616
2021-01-19,3053714,34443,57808,698
2021-01-18,2995906,33745,22997,152
2021-01-17,2972909,33593,21138,187
2021-01-16,2951771,33406,31874,417
2021-01-15,2919897,32989,39866,700
2021-01-14,2880031,32289,40865,624
2021-01-13,2839166,31665,40282,509
2021-01-12,2798884,31156,52955,678
2021-01-11,2745929,30478,53387,475
2021-01-10,2692542,30003,29482,297
2021-01-09,2663060,29706,39427,456
2021-01-08,2623633,29250,49319,685
2021-01-07,2574314,28565,39641,486
2021-01-06,2534673,28079,37659,560
2021-01-05,2497014,27519,43899,503
2021-01-04,2453115,27016,74135,379
2021-01-03,2378980,26637,22436,87
2021-01-02,2356544,26550,30161,184
2021-01-01,2326383,26366,30287,380
2020-12-31,2296096,25986,34107,575
2020-12-30,2261989,25411,31268,424
2020-12-29,2230721,24987,34846,442
2020-12-28,2195875,24545,66726,257
2020-12-27,2129149,24288,28319,64
2020-12-26,2100830,24224,52473,235
2020-12-25,2048357,23989,5614,36
2020-12-24,2042743,23953,33727,302
2020-12-23,2009016,23651,44961,345
2020-12-22,1964055,23306,35003,378
2020-12-21,1929052,22928,62661,252
2020-12-20,1866391,22676,27172,78
2020-12-19,1839219,22598,34802,157
2020-12-18,1804417,22441,53326,265
2020-12-17,1751091,22176,51209,288
2020-12-16,1699882,21888,52330,394
2020-12-15,1647552,21494,31901,295
2020-12-14,1615651,21199,42088,155
2020-12-13,1573563,21044,24794,69
2020-12-12,1548769,20975,26823,119
2020-12-11,1521946,20856,35073,219
2020-12-10,1486873,20637,33995,171
2020-12-09,1452878,20466,31789,193
2020-12-08,1421089,20273,35400,219
2020-12-07,1385689,20054,34490,117
2020-12-06,1351199,19937,20475,56
2020-12-05,1330724,19881,21528,84
2020-12-04,1309196,19797,22369,204
2020-12-03,1286827,19593,21185,148
2020-12-02,1265642,19445,18726,115
2020-12-01,1246916,19330,16764,116
2020-11-30,1230152,19214,21848,63
2020-11-29,1208304,19151,10542,19
2020-11-28,1197762,19132,13202,32
2020-11-27,1184560,19100,16783,76
2020-11-26,1167777,19024,6221,44
2020-11-25,1161556,18980,13476,101
2020-11-24,1148080,18879,16681,103
2020-11-23,1131399,18776,20654,55
2020-11-22,1110745,18721,5842,17
2020-11-21,1104903,18704,12182,59
2020-11-20,1092721,18645,13113,89
2020-11-19,1079608,18556,13377,92
2020-11-18,1066231,18464,11596,108
2020-11-17,1054635,18356,10634,54
2020-11-16,1044001,18302,13412,41
2020-11-15,1030589,18261,6771,10
2020-11-14,1023818,18251,7966,39
2020-11-13,1015852,18212,9899,76
2020-11-12,1005953,18136,10153,31
2020-11-11,995800,18105,4700,33
2020-11-10,991100,18072,8318,71
2020-11-09,982782,18001,8085,29
2020-11-08,974697,17972,4965,10
2020-11-07,969732,17962,5389,27
2020-11-06,964343,17935,6232,68
2020-11-05,958111,17867,6280,53
2020-11-04,951831,17814,5286,68
2020-11-03,946545,17746,5214,52
2020-11-02,941331,17694,5760,28
2020-11-01,935571,17666,3333,3
2020-10-31,932238,17663,3300,38
2020-10-30,928938,17625,4755,57
2020-10-29,924183,17568,4221,27
2020-10-28,919962,17541,4273,66
2020-10-27,915689,17475,4671,80
2020-10-26,911018,17395,4903,39
2020-10-25,906115,17356,2292,14
2020-10-24,903823,17342,4270,27
2020-10-23,899553,17315,5697,51
2020-10-22,893856,17264,6325,73
2020-10-21,887531,17191,3012,125
2020-10-20,884519,17066,4456,77
2020-10-19,880063,16989,4773,22
2020-10-18,875290,16967,1693,36
2020-10-17,873597,16931,2077,33
2020-10-16,871520,16898,3058,70
2020-10-15,868462,16828,3069,80
2020-10-14,865393,16748,3441,91
2020-10-13,861952,16657,4381,69
2020-10-12,857571,16588,2811,18
2020-10-11,854760,16570,2347,10
2020-10-10,852413,16560,2980,67
2020-10-09,849433,16493,3712,75
2020-10-08,845721,16418,3679,64
2020-10-07,842042,16354,3587,90
2020-10-06,838455,16264,2587,85
2020-10-05,835868,16179,3729,33
2020-10-04,832139,16146,2593,28
2020-10-03,829546,16118,2971,46
2020-10-02,826575,16072,3936,83
2020-10-01,822639,15989,3210,89
2020-09-30,819429,15900,3130,108
2020-09-29,816299,15792,3244,154
2020-09-28,813055,15638,3598,33
2020-09-27,809457,15605,2006,18
2020-09-26,807451,15587,3360,51
2020-09-25,804091,15536,4122,133
2020-09-24,799969,15403,3160,89
2020-09-23,796809,15314,3337,106
2020-09-22,793472,15208,2845,138
2020-09-21,790627,15070,4693,54
2020-09-20,785934,15016,2517,30
2020-09-19,783417,14986,3464,76
2020-09-18,779953,14910,4491,100
2020-09-17,775462,14810,3501,82
2020-09-16,771961,14728,3454,114
2020-09-15,768507,14614,2860,147
2020-09-14,765647,14467,4672,83
2020-09-13,760975,14384,2233,52
2020-09-12,758742,14332,3112,63
2020-09-11,755630,14269,4274,173
2020-09-10,751356,14096,3556,108
2020-09-09,747800,13988,3321,143
2020-09-08,744479,13845,4100,83
2020-09-07,740379,13762,2379,34
2020-09-06,738000,13728,2585,30
2020-09-05,735415,13698,4031,52
2020-09-04,731384,13646,5112,151
2020-09-03,726272,13495,4666,157
2020-09-02,721606,13338,4964,169
2020-09-01,716642,13169,4374,151
2020-08-31,712268,13018,7581,83
2020-08-30,704687,12935,2790,27
2020-08-29,701897,12908,3666,72
2020-08-28,698231,12836,5428,143
2020-08-27,692803,12693,5417,145
2020-08-26,687386,12548,5177,134
2020-08-25,682209,12414,5895,156
2020-08-24,676314,12258,8190,108
2020-08-23,668124,12150,3216,15
2020-08-22,664908,12135,5053,149
2020-08-21,659855,11986,6603,157
2020-08-20,653252,11829,6031,137
2020-08-19,647221,11692,6736,157
2020-08-18,640485,11535,6097,193
2020-08-17,634388,11342,9333,96
2020-08-16,625055,11246,4920,15
2020-08-15,620135,11231,6856,82
2020-08-14,613279,11149,10558,150
2020-08-13,602721,10999,8215,186
2020-08-12,594506,10813,8071,155
2020-08-11,586435,10658,12195,182
2020-08-10,574240,10476,13149,99
2020-08-09,561091,10377,5440,64
2020-08-08,555651,10313,6360,100
2020-08-07,549291,10213,7918,188
2020-08-06,541373,10025,8558,151
2020-08-05,532815,9874,5835,166
2020-08-04,526980,9708,6273,201
2020-08-03,520707,9507,8258,107
2020-08-02,512449,9400,4280,35
2020-08-01,508169,9365,7113,134
2020-07-31,501056,9231,7954,214
2020-07-30,493102,9017,9015,118
2020-07-29,484087,8899,10443,176
2020-07-28,473644,8723,10020,174
2020-07-27,463624,8549,10718,94
2020-07-26,452906,8455,4428,26
2020-07-25,448478,8429,7930,89
2020-07-24,440548,8340,9282,136
2020-07-23,431266,8204,9635,153
2020-07-22,421631,8051,11975,158
2020-07-21,409656,7893,10773,119
2020-07-20,398883,7774,11611,58
2020-07-19,387272,7716,6023,15
2020-07-18,381249,7701,6969,88
2020-07-17,374280,7613,9355,123
2020-07-16,364925,7490,9786,116
2020-07-15,355139,7374,8613,131
2020-07-14,346526,7243,11189,144
2020-07-13,335337,7099,9369,46
2020-07-12,325968,7053,6510,23
2020-07-11,319458,7030,7382,72
2020-07-10,312076,6958,9454,98
2020-07-09,302622,6860,9809,137
2020-07-08,292813,6723,8642,149
2020-07-07,284171,6574,9508,115
2020-07-06,274663,6459,7351,84
2020-07-05,267312,6375,5633,38
2020-07-04,261679,6337,7778,19
2020-07-03,253901,6318,7025,53
2020-07-02,246876,6265,7735,97
2020-07-01,239141,6168,6826,80
2020-06-30,232315,6088,8335,103
2020-06-29,223980,5985,8231,52
2020-06-28,215749,5933,4918,35
2020-06-27,210831,5898,3903,31
2020-06-26,206928,5867,5731,62
2020-06-25,201197,5805,5111,80
2020-06-24,196086,5725,4597,98
2020-06-23,191489,5627,6668,63
2020-06-22,184821,5564,6519,53
2020-06-21,178302,5511,3422,20
2020-06-20,174880,5491,3787,69
2020-06-19,171093,5422,3762,69
2020-06-18,167331,5353,3822,72
2020-06-17,163509,5281,4298,81
2020-06-16,159211,5200,3478,85
2020-06-15,155733,5115,3355,33
2020-06-14,152378,5082,2285,23
2020-06-13,150093,5059,3019,73
2020-06-12,147074,4986,3665,53
2020-06-11,143409,4933,3629,79
2020-06-10,139780,4854,2723,105
2020-06-09,137057,4749,3025,92
2020-06-08,134032,4657,3094,27
2020-06-07,130938,4630,2231,25
2020-06-06,128707,4605,2404,68
2020-06-05,126303,4537,3333,84
2020-06-04,122970,4453,3225,69
2020-06-03,119745,4384,2252,64
2020-06-02,117493,4320,2344,100
2020-06-01,115149,4220,2795,47
2020-05-31,112354,4173,2334,28
2020-05-30,110020,4145,3066,57
2020-05-29,106954,4088,3031,97
2020-05-28,103923,3991,2081,73
2020-05-27,101842,3918,2005,93
2020-05-26,99837,3825,3197,58
2020-05-25,96640,3767,2211,12
2020-05-24,94429,3755,1763,18
2020-05-23,92666,3737,1983,68
2020-05-22,90683,3669,2218,65
2020-05-21,88465,3604,2314,103
2020-05-20,86151,3501,2321,82
2020-05-19,83830,3419,2016,132
2020-05-18,81814,3287,1664,47
2020-05-17,80150,3240,1343,32
2020-05-16,78807,3208,1878,55
2020-05-15,76929,3153,1983,102
2020-05-14,74946,3051,1815,77
2020-05-13,73131,2974,2096,91
2020-05-12,71035,2883,1693,103
2020-05-11,69342,2780,1411,63
2020-05-10,67931,2717,1164,24
2020-05-09,66767,2693,2251,64
2020-05-08,64516,2629,2054,85
2020-05-07,62462,2544,1845,82
2020-05-06,60617,2462,1910,80
2020-05-05,58707,2382,2567,88
2020-05-04,56140,2294,1255,74
2020-05-03,54885,2220,1252,24
2020-05-02,53633,2196,1423,60
2020-05-01,52210,2136,1831,91
2020-04-30,50379,2045,1565,87
2020-04-29,48814,1958,2386,82
2020-04-28,46428,1876,1257,86
2020-04-27,45171,1790,1505,65
2020-04-26,43666,1725,1062,27
2020-04-25,42604,1698,1275,77
2020-04-24,41329,1621,1742,85
2020-04-23,39587,1536,1902,93
2020-04-22,37685,1443,1877,115
2020-04-21,35808,1328,1949,91
2020-04-20,33859,1237,2276,44
2020-04-19,31583,1193,725,32
2020-04-18,30858,1161,1373,95
2020-04-17,29485,1066,1282,85
2020-04-16,28203,981,1064,83
2020-04-15,27139,898,1224,100
2020-04-14,25915,798,1460,59
2020-04-13,24455,739,1048,45
2020-04-12,23407,694,843,50
2020-04-11,22564,644,998,41
2020-04-10,21566,603,1208,49
2020-04-09,20358,554,1158,43
2020-04-08,19200,511,1503,56
2020-04-07,17697,455,1148,64
2020-04-06,16549,391,1198,35
2020-04-05,15351,356,1248,32
2020-04-04,14103,324,1320,35
2020-04-03,12783,289,1352,38
2020-04-02,11431,251,1263,29
2020-04-01,10168,222,1263,32
2020-03-31,8905,190,1238,30
2020-03-30,7667,160,957,20
2020-03-29,6710,140,649,13
2020-03-28,6061,127,799,15
2020-03-27,5262,112,880,20
2020-03-26,4382,92,878,14
2020-03-25,3504,78,536,19
2020-03-24,2968,59,441,9
2020-03-23,2527,50,491,9
2020-03-22,2036,41,273,7
2020-03-21,1763,34,221,6
2020-03-20,1542,28,269,5
2020-03-19,1273,23,195,2
2020-03-18,1078,21,174,2
2020-03-17,904,19,195,4
2020-03-16,709,15,110,4
2020-03-15,599,11,87,3
2020-03-14,512,8,121,0
2020-03-13,391,8,85,1
2020-03-12,306,7,50,0
2020-03-11,256,7,59,1
2020-03-10,197,6,23,1
2020-03-09,174,5,55,1
2020-03-08,119,4,7,0
2020-03-07,112,4,25,0
2020-03-06,87,4,19,1
2020-03-05,68,3,18,0
2020-03-04,50,3,11,1
2020-03-03,39,2,6,0
2020-03-02,33,2,9,0
2020-03-01,24,2,2,0
2020-02-29,22,2,5,0
2020-02-28,17,2,3,0
2020-02-27,14,2,0,0
2020-02-26,14,2,3,0
2020-02-25,11,2,0,0
2020-02-24,11,2,1,0
2020-02-23,10,2,0,0
2020-02-22,10,2,0,0
2020-02-21,10,2,2,0
2020-02-20,8,2,1,0
2020-02-19,7,2,0,0
2020-02-18,7,2,0,0
2020-02-17,7,2,1,1
2020-02-16,6,1,0,0
2020-02-15,6,1,0,0
2020-02-14,6,1,0,0
2020-02-13,6,1,0,0
2020-02-12,6,1,0,0
2020-02-11,6,1,0,0
2020-02-10,6,1,0,0
2020-02-09,6,1,0,0
2020-02-08,6,1,0,0
2020-02-07,6,1,0,0
2020-02-06,6,1,0,1
2020-02-05,6,0,0,0
2020-02-04,6,0,0,0
2020-02-03,6,0,0,0
2020-02-02,6,0,2,0
2020-02-01,4,0,0,0
2020-01-31,4,0,0,0
2020-01-30,4,0,0,0
2020-01-29,4,0,1,0
2020-01-28,3,0,0,0
2020-01-27,3,0,1,0
2020-01-26,2,0,,
